0 3 8
1 5 7
1 2 77
1 6 12
2 7 4
2 8 2
3 9 6
3 10 3
4 11 5
4 12 8
5 13 10
5 14 4
6 15 2
6 16 6
7 17 15
7 18 9
8 19 7
8 20 8
9 21 10
9 22 12
10 23 5
10 24 11
11 25 9
11 26 6
12 27 4
12 28 7
13 29 2
13 30 5
14 31 8
14 32 3
15 34 9
16 35 12
16 36 4
17 37 10
17 38 5
18 39 7
18 40 8
19 41 9
19 42 11
20 43 5
20 44 6
21 45 8
21 46 4
22 47 7
22 48 10
23 49 3
24 25 6
26 27 9
28 29 4
30 31 7
32 33 10
38 39 6
40 41 11
42 43 8
44 45 5
46 47 9
48 49 6
1 8 3
49 3 67
16 14 23
11 27 44
45 34 23
32 39 65
8 33 66
41 23 45
25 45 34
43 23 47
29 54 11
5 34 22
48 5 98
48 5 16
34 23 12
43 12 33
45 32 11
23 34 11
43 12 11
1 2 3
2 3 4
7 8 33
36 41 22
1 42 22
1 2 5
2 1 4
